938702675
995754606
837895502
979543883
999296432
976605713
976695372
975536440
920237126
966820152
878612752
999256864
999164137
997777212
971521902
931932217
982215668
990167826
814152162
979299753
925703508
982178568
971487046
983815251
944379274
980545768
970601902
997439376
991123709
999614973
990090793
991068287
912048535
913229169
985133530
993775770
912180328
921861575
915198503
913979362
913884213
917255342
913170296
971493399
922532184
924437774
832459372
932098342
943672520
996547639
983717098
983793347
991853995
818711832
910608193
869938432
971339071
979214502
997275160
990574855
957523730
982769221
914022940
985855137
933064883
880376012
885681182
988943037
976969324
990002398
997557689
929897404
967292907
935762286
991449175
985628572
986375473
897270552
998578485
912004716
923096728
918853197
923884149
919694580
820371542
820868382
923710930
923304290
923393528
924913835
925358916
929034597
926647288
834547252
932738228
934652266
933775364
987526157
979392710
953299216
