812702432
812840622
813270862
815548442
815699912
816028612
816377102
816559472
816668352
816981522
817206662
817214142
817630812
817705642
818751362
818842422
819895252
821026792
821199832
821655552
821666422
821697522
822324282
822532152
823115512
823344112
823706782
824367922
824825432
825148442
825238662
825298142
825782702
826034122
826714352
826980052
827340162
827484202
827929182
827971332
828152602
829028832
829139642
830019952
830188932
830375562
830387102
830610782
830771832
830955712
831676752
832681172
832761672
832827592
832840572
832915432
833074822
833112112
833169602
833224972
833309382
833480332
834120852
834327082
835292002
835428362
836071042
836296222
839384262
852881372
855019892
861401812
866955492
867188592
879128552
882010872
884647762
885893872
886076622
887325022
888112812
888567232
888896902
889028092
889210362
889232552
889240172
889253002
889556692
890530982
890546242
891742622
891785542
892053642
892088802
893434682
894075562
896331922
899322932
911004925
911377012
911617706
911723344
911738414
911815575
911921340
911967863
912015076
912030938
912070875
912087999
912174050
912251888
912276600
912344126
912410943
912437604
912450287
912509613
912597814
912653277
912695875
912750132
912785874
912825124
912869210
912878716
913002458
913054911
913173333
913180984
913187318
913256832
913395379
913419936
913476581
913492986
913521080
913547454
913598814
913656636
913668634
913698827
913779452
913917871
913951867
914170125
914221072
914509556
914561302
914569389
914586054
914740762
914757363
914772826
914810795
914882036
914968283
915024165
915077773
915308775
915311806
915314430
915454917
915537758
915592163
915610285
915713769
915719007
915729010
915734448
915746950
915761585
915870996
916020805
916050852
916070276
916166397
916340257
916350228
916361750
916482426
916497083
916503393
916544219
916544472
916554133
916557159
916663242
916701632
916708912
916774915
916804261
916811136
916835078
916862261
916885946
916991452
917033714
917065101
917095493
917102988
917111065
917148627
917178860
917286817
917295344
917331936
917364907
917397341
917427046
917469032
917474583
917493480
917554579
917592691
917722897
917812489
917840822
917860122
917927502
917968101
918112189
918123741
918158936
918195394
918267166
918385053
918486844
918488588
918508430
918560971
918570799
918589600
918630058
918677216
918772693
918813136
918847464
918851682
918852662
919077034
919096241
919200057
919224088
919283386
919284609
919287535
919323000
919400404
919438665
919455144
919496401
919578378
919588470
919612096
919820101
919863609
919881151
919895705
919916354
919916729
919976659
919994770
920125980
920203930
920213561
920226299
920246516
920281486
920313361
920319033
920324258
920338313
920396046
920440401
920444040
920502490
920510132
920576338
920616887
920642675
920660673
920707661
920719554
920741835
920759297
920798446
920853439
920860605
920891438
920951295
921117809
921117817
921130155
921143230
921163274
921251068
921259654
921320817
921373554
921412517
921464177
921633785
921645198
921647107
921704593
921751486
921765118
921790090
921808518
921829841
921835647
921835876
921871813
922142955
922155399
922157235
922199477
922202443
922212813
922297738
922393265
922404550
922547165
922564183
922575452
922605963
922613095
922646694
922662193
922698864
922707596
922711992
922739587
922750688
922754365
922836906
922847894
922899924
922937117
923054162
923094377
923106308
923194614
923361189
923420282
923479422
923547592
923559957
923691731
923716831
923732365
923766545
923813772
923830979
923847049
923887873
924053003
924367555
924389257
924436808
924507527
924579889
924585463
924613351
924695013
924701196
924716568
924719788
924725834
924825669
924879602
924920963
924926732
924957670
924981253
925037621
925106674
925148385
925150266
925154695
925198730
925219754
925283339
925297526
925341606
925342564
925345334
925361461
925437158
925448249
925566713
925606235
925615579
925615765
925621919
925668508
925747971
925776041
925800023
925878979
925938041
926008439
926311735
926317571
926320459
926370774
926413848
926578286
926609416
926626280
926627422
926735799
926757253
926768026
926790137
926801473
926826166
926838601
926861735
926875493
926876082
926993429
927044668
927073242
927097206
927101327
927110326
927117118
927120844
927210657
927212064
927237539
927238357
927267543
927297809
927343037
927356783
927358298
927415119
927434067
927477327
927619040
927629771
927631881
927667592
927801760
927810255
927882817
927892359
927927500
927967855
927969106
928000036
928032280
928081346
928231356
928238407
928272133
928309371
928339319
928348695
928357007
928488985
928552462
928560562
928580121
928675998
928733068
928761959
928825566
928892581
928932176
928940837
928978680
928987361
928987728
928994058
928996239
929001745
929005147
929029984
929093046
929235606
929259114
929346769
929382315
929383818
929418247
929430778
929474759
929515293
929529227
929570618
929589637
929592719
929603672
929634691
929647785
929701577
929767144
929988396
930016098
930016322
930052531
930060658
930076309
930081779
930130680
930132764
930154962
930349585
930355496
930386995
930456632
930463043
930476269
930501263
930519456
930521302
930548537
930549959
930579459
930601594
930641618
930675431
930688592
930702579
930715832
930739324
930801968
930808040
930822442
930831522
930847097
930856916
930905631
930916803
931004328
931008161
931009850
931018361
931031333
931032445
931044419
931064665
931143859
931147579
931166107
931319671
931319825
931467425
931475622
931480936
931493841
931615815
931624563
931635794
931641204
931650289
931654004
931667750
931675982
931699113
931743058
931787985
931790994
931840444
931883852
932056046
932072602
932089343
932194198
932241242
932342596
932369214
932394685
932398222
932398621
932496089
932567318
932574241
932689758
932750627
932799650
932827646
932862689
932984822
932986868
933037274
933054438
933098257
933157253
933182142
933182258
933198332
933203441
933251691
933409333
933460371
933482081
933539431
933593843
933659429
933725464
933774155
933787141
933790304
933794083
933812707
933823369
933887588
933900843
933932540
933987574
933989208
933991164
934010639
934047575
934052315
934157761
934282973
934304454
934305396
934330145
934385888
934438450
934474856
934481070
934501535
934531930
934539729
934549392
934577485
934656830
934746716
934810740
934843800
934860926
934922824
934931084
934949706
934998898
935012031
935013623
935022770
935028000
935095190
935095476
935107989
935112303
935114462
935120004
935160936
935174856
935227976
935228204
935234298
935263956
935354293
935431689
935554144
935582423
935597447
935650097
935727634
935728118
935780462
935809207
935828872
935833175
935834325
935837286
935845432
935847591
935856175
935863058
935942403
936009883
936010466
936056210
936057985
936075207
936200028
936213871
936227503
936245064
936285589
936299989
936427537
936514545
936534112
936629830
936645410
936648800
936655688
936662528
936722709
936740901
936785913
936857744
936863590
936937993
937418906
937885377
938044775
939250271
941305989
941561071
941759610
943088136
943294712
944229264
944815325
944862927
946686166
947678809
947751824
948189879
948516810
948543303
948653028
948955628
950011904
950016418
950385529
950704381
952049070
952228609
952265334
953264560
957175708
958589174
960461827
960685075
960711033
961194725
961783356
963970935
965126945
966478071
967041610
967447501
967616818
967934895
970201157
970395822
970916636
970951423
971078758
971081325
971089989
971128399
971163348
971170344
971184523
971248890
971310502
971376368
974811871
975328503
975363090
975809153
976073169
976244273
976252128
976466748
976693132
976700457
976898850
977047587
977126231
977140013
977171962
977539366
979162634
979346050
979448759
979608861
979804385
979843445
980165493
980263681
980365271
980403963
980440451
980527476
980623149
980649369
980952827
980961729
980997146
981213653
981463862
981620550
982170559
982170931
982215617
982349362
982669251
982701570
982790409
982942942
982983908
983176135
983201725
983618596
983766528
983876943
983885748
983928234
983977979
984500475
984529295
984548745
984550316
984885520
984953267
985061750
985090629
985203288
985442096
985589003
986274693
986308970
986401598
986417729
986455213
986617582
986905685
986947116
986981659
987028408
987099011
987570067
987602945
987687673
987693029
987705493
987743468
987788224
987856440
987903953
988242144
988263486
988415677
988440914
988445177
988506532
988522651
988526894
988573949
988715069
988752967
988797065
988814415
988820989
988879428
988879479
988914908
988970042
988974188
989004670
989048694
989052012
989057995
989067028
989067192
989079999
989082388
989121596
989134914
989142585
989155911
989156780
989166999
989183869
989186892
989202723
989206893
989222899
989227734
989249703
989256467
989264087
989307436
989311514
989361430
989389173
989544314
989586432
989762737
989794418
989823264
989896091
989930575
990293988
990446539
990515433
990526095
990534748
990598835
990625204
990638160
990821178
990825971
990869189
991108971
991160981
991303626
991303715
991330259
991363823
991429573
991429999
991435220
991443320
991528008
991704523
991704558
991724044
991918019
991949666
991972889
992072415
992102292
992137851
992230436
992329432
992458062
992512075
992569077
992577126
992815337
992843292
992957077
993151343
993156590
993225754
993400033
993460095
993515159
993550116
993803308
993903752
994490478
994754602
994870920
994911422
995097346
995354314
995358980
995464438
995643200
995677164
995695111
995899728
995929392
996533751
996687708
996973166
997121341
997133951
997176472
997245237
997355377
997405714
997468422
997524306
997711750
997758501
997766431
997808029
997813375
997830792
998096405
998139392
998285194
998315417
998320569
998373034
998388759
998407257
998412986
998487099
998548012
998562406
998600421
998602181
998713501
998718120
998805112
999111173
999238602
999276423
999288448
999321399
999413706
999594166
